3 5
-8 35
68 22
-14 77
86 85
60 -11
-75 -58
43 31
-5 -45
-26 -49
-99 -80
-73 -56
-87 -51
-91 84
39 10
-91 -17
40 -77
-32 -5
-64 -60
-20 -35
-21 89
-90 41
-36 -9
-27 -99
-45 -99
41 62
-65 91
22 -32
26 43
20 78
55 -42
97 -100
76 -98
77 56
14 -32
-13 -20
32 -35
25 -82
55 -23
-32 -10
-17 -86
-19 -78
28 -73
75 76
-10 56
19 82
94 22
79 54
-30 -74
-18 61
-73 -91
57 -50
50 -15
98 -8
-41 -93
16 4
75 -76
1 -98
54 5
86 63
7 -22
-61 92
6 9
9 -34
-73 26
-68 -27
-4 -39
74 60
86 -39
59 30
58 -87
-47 2
16 21
28 54
94 -87
87 82
66 -94
12 37
-53 -56
45 68
-35 3
-88 -55
87 13
-86 -55
-53 0
70 25
29 -94
60 -46
91 17
-63 34
27 -19
-96 -44
-41 -1
-3 44
21 -59
-56 22
-83 92
49 -26
-52 66
-71 -42
93 -18